21135366
17719303
23838728
19169289
20058059
18161677
7946254
19931151
19324944
20946966
19144729
11791023
11837468
19570717
11517983
16146466
17621027
8798245
23609382
8478759
8519720
3538985
8519722
24281134
1376306
19502023
10674229
18972730
23699515
23134960
12050494
8790079
17432640
20439105
8159300
20537413
393286
17481800
2474057
2195532
21998264
2146389
10707032
9330779
6807568
9683043
10928228
24641638
23511149
9855086
2064495
15119720
15745138
23404659
2474103
15622265
7954555
22585469
19054718
8708224
12017793
15302787
16089221
17244294
9322632
10690697
15196300
23806094
10606880
14745744
11378833
22306962
7527107
17178774
19808281
24101016
20218011
2711711
4448416
21902704
2015394
15162076
22732966
10148879
21463068
16253098
2932908
22732975
7733424
1999025
1573044
18555063
11714591
22585532
20201661
18333888
6496450
23773380
19404150
9109702
14699228
1963383
12394700
17334477
22610128
1835223
10969304
18341602
12058842
21266651
8986845
22550938
16007391
10084579
12067044
10649829
11045790
18686184
24330473
10715372
2177746
11932879
20152559
12462350
7799030
17276969
6734073
15193471
20069077
3081600
16097539
20488452
20357382
17064200
24103072
24092940
23224592
9935021
22692114
2949396
7053590
1302807
7708953
16335132
20089562
19480863
21586215
15466792
9806121
17391914
23241003
12443948
19415341
15491374
20406576
18535816
24215858
22151475
22151477
11034934
18077065
15769918
3342655
7881024
2023746
11956614
16048456
11706697
18415946
17521473
8454478
24387919
8888660
16343383
2228570
23052635
15810908
18702687
22987106
18522171
8831332
7826791
15769967
19415409
12116339
20390261
21324150
12839657
15463829
15327617
7856515
11302295
14655885
1286547
9609624
9695300
8487324
17941914
7654128
8331682
8561059
23118244
16293958
18078449
20226474
18080171
17984242
8487344
8437833
14999992
20431290
16859579
20472253
7035637
23716291
9683400
7831628
21316048
22092536
24437202
19174717
19915222
9028057
17179098
18448859
7635420
10207709
16212446
14623199
17613280
23888359
12585724
8208874
18989547
20726255
20726258
15093843
20226548
3146231
10674680
10674681
21930490
22782459
1884668
23233021
7806134
23257173
11420161
7643653
1977089
24732169
9044492
8735490
20054544
16957977
9101850
20447774
10337657
14713377
12599844
15573541
9314855
3818024
20603436
19644973
16845576
12739123
2834996
21545527
23716409
24085050
17302075
6436868
18752063
7528271
16908870
22659656
12614412
24502859
7527453
10429005
21193295
1286738
17113685
19243606
12239448
16220761
16378639
10404444
8741469
18547294
21425723
23405154
1835619
16900709
7840362
20934759
21996146
2990708
2564725
8708726
12239480
6423162
1119679
12567169
7381634
16540291
11746070
11379334
11350502
20865676
23880333
20865678
21785368
23995030
8274583
15319704
3089050
17998493
23528101
18070300
6390445
6988462
8921775
1778354
18711222
16802487
20562617
11550726
16889080
10355394
10757579
22495940
6324934
15895329
22438600
21938889
11789002
7742155
1860302
1622739
11305684
16483029
18362489
23020253
19301086
19301089
1409770
10986219
12182253
7881454
17375984
17935144
17548021
21946197
3885865
3531514
9241341
24781567
20456192
12198659
21029638
19247233
8733449
19833610
4154124
1254157
19309326
1827602
12094254
9437974
14656280
21586714
19718941
24920862
11210885
8823584
23984944
1131298
3957541
9601831
21385351
18572078
7815983
18678578
22332211
20538165
21996342
1516345
2245435
16961674
20522464
9732932
10382134
22215436
15172423
12108616
10208073
15909709
7906128
8053586
9413463
19481433
23356250
16548702
11429349
7218018
9003876
18957157
10770301
8856425
21742443
7676782
20831671
3056498
17695603
8332150
10568568
22414202
20513659
23610236
8930174
15713151
19727232
10380161
17662102
15238023
16794504
17089419
12960652
3900301
24431427
22446996
22511135
19268506
24077211
17408924
1721246
3859359
19686304
12370849
19153828
15778725
17702798
6751144
12084138
6366124
24229362
23929781
19368912
16792607
3539897
11297722
20530107
3081148
19407805
16712638
9864127
3277760
18629569
18588611
11994052
19801029
11414348
19022794
15606733
22496207
10077140
18328090
8610775
24830937
22160347
12616671
3318754
17572835
19661796
7881703
7889896
20087785
23438314
1410028
8913901
22136317
3556337
22676466
15188980
2204661
3174738
1467386
7963648
22348801
2286596
15746053
22459310
23323659
11265037
24658964
17490965
2865615
19948568
14763035
24200220
17490976
15180835
18449445
21439528
22488107
2073645
19109542
18678836
15623221
8045623
21087288
15377466
7595068
9438269
20587582
9495616
23102530
10593347
14599236
11453509
20675425
20038728
11751780
11100343
3236940
20620365
21718094
2339965
21226576
22275153
17171539
19620953
24266855
12199005
19666626
17466465
23905378
3122275
9315428
23274597
11961446
16204903
11920488
23135337
19833962
8512622
25044079
10683506
19912211
12452980
7824501
17433718
19563641
22020134
18343039
22045826
19080323
23266440
12813449
2196621
10814606
22537359
21914768
21366734
7865492
9839765
7910732
21300377
11207836
10781855
8463520
2663585
350565
7390376
8840371
1459383
1541306
8881340
2761917
16540862
23512255
1991872
18957505
20636866
7674231
24749259
6849742
8275152
12780755
2426069
10550137
9512152
2225700
15312096
17179873
11642083
9700583
1451242
10470636
2688237
24327720
16295154
17196275
2540788
12559222
14984440
23782653
2647294
22906113
9757955
17941770
20104460
8971536
6350097
6522132
21546263
17402204
19817753
21914906
18670875
19531038
9405728
7005474
21800228
15975721
17312647
6227244
11322670
18957616
23114568
23815478
16729400
15279417
23659834
19235039
19127179
361799
19858761
20661580
23192919
19096921
8619354
7857500
23676253
20817247
12243889
11838820
23102821
24225126
10741095
7726441
2180462
3114351
8815984
22414705
20594308
20431081
10093945
23405947
23113962
16704894
6650773
15689088
18318721
2139523
24610180
22185349
3532353
24716680
9332112
23660099
20415897
2663834
23578015
23045537
11068835
2868645
15656360
288173
15746480
50611
2491829
1492408
17884602
15623613
18523583
16647616
631030
16311751
19047882
22586827
23343686
17909199
6410450
23578065
17868242
14763475
17434069
17950167
4037540
2188766
15317925
21120480
22906338
6391269
18802150
9799143
23127528
11331049
21243370
23381483
20694508
24559095
9225710
18802161
23365106
22709747
22808053
12576246
6882809
11691515
3630589
16709205
22526891
15943172
11691528
18056791
16393740
8832526
16038713
11978262
1394200
15509022
18261537
16360994
15509083
11978277
17999404
8873520
22709810
11860915
9758264
8709689
1336890
21038654
20440639
6989377
24032193
15091267
16229958
2188871
10790473
17286730
6350412
22079053
17426001
16238797
24315475
10634838
14616151
15181401
11085402
11699803
22595172
3139179
11748974
22079088
2008691
15877748
1631861
9676408
22692116
1992319
19154562
9660035
7235205
21055113
16508555
1623694
11396751
11191952
3286673
15080019
7554709
3557014
9071556
24315548
20203165
10618526
10094243
20844187
15738536
17367324
15730346
16950955
10194485
2486557
15897822
22698563
11208371
12928692
21669557
12139152
12551867
9931796
21126245
7595712
11536065
19941058
24225475
2803397
22881991
18556619
21669583
6653648
23766737
14616279
11159256
10036953
21317341
15025886
18073312
17958625
18409186
11395821
3098341
288486
17853393
11205419
8161002
2107116
22750958
23021296
20137718
24217336
22838229
9553664
14668075
17426180
10200837
15673098
11077389
9430799
3548803
15189781
2508567
17114905
21989146
12396317
7644960
12486433
23955236
17073957
19023654
12718385
15189800
16541481
11495215
10224577
22341427
17123125
19621686
1722167
6416184
23414585
19638081
20145986
11219757
12117831
24127304
21595978
17983307
7598920
15468367
23160656
18958161
25101966
8595286
18040663
3319640
3704665
7047002
24069775
9398110
15476575
19138400
16257339
20924261
23205521
9493479
22513516
3475309
6721970
8849265
16942963
19998583
7620474
1730427
9987969
20674829
24146455
9058626
8791949
15304592
8722072
20020319
20973459
12093332
21412846
8570775
10356632
20113305
1255322
16926619
21276573
18278302
19122080
3278754
24324004
23021480
11683484
1640362
3123115
19040172
17196973
23463854
20023215
24012722
3884411
14550686
7774537
12085177
21432861
10889149
21309374
8275903
23111617
8841156
16882678
23381958
7997384
22923209
7997386
12642251
17516492
10651597
16426958
23562192
12437457
8636370
3541602
10778276
18556898
17074147
18606053
22956006
17276748
18376682
22156967
22079469
8374255
8521712
21997224
16167251
8472567
16197624
14649341
14985215
7923712
7075499
21721430
23349254
23332872
2066441
11028492
10201101
24201232
15353873
22214113
12093460
18679829
7981078
12148711
19523608
20560900
20203546
16418843
12830748
20881754
15591456
23586852
9772038
12576806
8323420
22964266
24266796
23504941
19562475
10619912
1968178
18540211
18991158
18303031
20367417
23980091
9553982
14739125
6146112
12666946
19143691
21665462
16238662
1326339
23095369
15689804
10225743
8644688
8882257
10741842
24242260
23776270
16304214
6686808
10594393
15132762
18581595
15165532
21833823
22743137
2205798
2295911
9172668
1673324
15055890
8292465
11888754
19491859
12814457
1697914
23275644
3180669
17156222
11683967
24291456
11069570
18565251
3434628
6261782
11888774
11167879
11331721
7612555
22669453
2271374
16435344
10463377
7956629
15968406
11004058
43164
10070173
18339525
17631392
20506785
8259746
23494559
22349989
21694630
16173223
10971307
19171500
11708589
11549539
19376304
23611569
23292082
15141043
8964276
15534261
15861942
17574073
3287226
23849147
20228284
7481533
17934527
3516608
19081412
8571077
8792262
25086152
8792266
7923916
125133
7743697
19155155
9529556
19433686
24076133
17414940
19965647
862429
16730335
11839712
17450704
1911013
7801065
3950826
15608043
12183788
698606
20875504
15894770
10602739
2168532
2975995
3074300
21309696
9796041
7891203
22219012
12151468
1575174
16230665
16230666
22014222
21629200
8456467
9513236
11053333
18368792
3803417
16181530
24324379
2672925
18704672
21047588
16181541
8980774
22374696
21047593
24021291
14715180
16116013
24660272
11561265
7489845
23103798
16329017
2181434
15182139
8530236
11835021
10660161
10807619
1997878
23021898
18975051
15591756
11315533
12824973
12044624
8989009
11143509
17934678
16116055
17942872
18626761
8884623
19958108
7907677
341733
2165088
23185761
1853794
22972771
8628584
19073386
23873901
23619951
18794865
15247730
11741555
8063348
3098997
11454840
17852793
9742715
1780092
23046525
1378689
9652612
20220293
9546119
19802506
20646286
8210831
12872081
10971538
1100179
15681940
1337070
18983318
11815321
6859471
16214437
19188136
17516971
3877292
16730541
8614301
18467912
15894964
15241630
21424566
10476617
22006202
3300426
20957631
10209728
7006663
7893582
20548043
8094114
3303886
10078672
3189201
9185746
17664467
8866262
21154265
23652826
2148830
24201696
19515873
17513813
1616359
15002089
21801451
15305197
19148734
7326194
10439763
17762804
15829494
23128568
11501687
24011178
23075031
22940159
3131904
21610189
16452103
21334545
19106322
12970516
6958487
8832772
16124442
21432860
2959901
17852958
18270751
21034619
15673894
11381289
21531178
17156651
16394797
21170734
10578479
11348533
17967671
16940738
10816058
15223903
22989372
15845130
21908036
16214598
16648775
19904268
22324448
10889804
21949005
15206990
20530957
12059064
12823122
15101027
22686292
9587285
10742359
15272537
6343259
3541596
11323998
10693733
16919138
17721955
23821414
10463847
7809641
15854186
9562733
1370735
17525360
6367857
12020338
9808499
16870004
23407221
15960694
7810153
8964729
18836092
23587455
9849475
12748567
21260940
9669262
19786383
4016785
8260242
6119875
23562009
24070810
17931375
6384285
12110494
19696287
17959585
20654755
10414756
21719717
17164971
22850220
15133359
937075
24234676
7015093
21692873
10963640
18590393
24119994
19901118
10734271
7219904
7449282
20712132
21457605
12036809
1911498
1878735
6376144
1391736
1608405
24626980
11471578
23857884
23775967
18082528
20048611
18229990
6134039
21048041
10808042
2648816
10685169
12356338
15477492
20434046
19516150
11435682
21654265
22039290
7924475
11413274
14616872
1444609
16714498
15616772
8334086
17623816
16296713
16427787
15837967
21785360
16313112
1862788
9407259
21048092
2679258
396063
15764256
2116385
2943781
6134180
9349928
22045148
20705223
20851499
8129324
6409006
20201949
12241713
19622708
396086
16337719
18410301
6753091
3337028
20056901
10439497
16386890
10758987
2607948
15051597
10382082
22092941
3279698
18606932
23890774
10340153
7539544
8098276
21793626
12585821
11029345
3287907
12743142
11570022
18189160
8268649
1919850
12045163
11701101
8137583
23972722
19155827
14576501
20884344
21859193
3410812
8801151
16083628
10832772
2501509
10832774
10390407
6425480
2468745
8394956
7211918
17472664
11750293
15985559
21924760
12456431
4025245
17968030
813984
21990307
20957980
9931687
1526697
17901383
20155309
3353525
11709366
24275895
6630328
9642484
15223738
371644
18353086
3287999
12618690
11422660
22825926
8063943
16223394
12031821
9825232
1829841
6352035
16055807
2780120
22588377
8227803
12676060
17009630
18721764
23874533
24505318
21433319
6482920
19368937
7048172
19606510
19278832
21859314
18672629
20605942
10665129
11829043
14617595
22490110
23727103
16731138
18271235
15223814
1444872
17505452
21892106
10374155
9178124
24898574
17443855
19139601
2968595
14625812
11815957
17959958
12356631
22735897
23828383
22727707
11545629
10726430
24214189
22344198
21040167
16739368
11824175
20229169
22965298
2067508
8752181
21450630
8604728
15346745
11488317
1282182
11029568
10624759
12704402
11545671
15084616
1723467
20630604
22744141
23964752
8277075
10636373
9718870
2182235
19508318
21097567
22989921
20638818
18852963
19803237
11783270
9825384
7072873
19232615
2755692
8391792
15492789
21171314
7761011
3382462
20106358
3673207
16198776
17943674
7761019
8752254
19786879
21220480
9751681
20084587
3550340
23514246
9931911
18320520
10390665
17624203
10992834
20204689
17050770
20204691
19926166
1854617
12651674
17471343
24916506
15994014
8056005
11013280
19958945
7564450
19565731
15891326
12233894
12135593
9850026
1920171
20237484
10947757
3304622
23065117
1645768
3001523
9342133
23334070
17165495
11701433
7679164
1584317
8932546
8580292
17616069
12790985
25029834
14650571
16108749
23104718
15264973
10939601
7572690
1682643
1715416
11943119
15191260
22007005
7007454
9235679
18541792
20843746
2881132
21753062
3124456
22752489
10223244
8785132
16108781
23500669
11021553
15068403
19066101
16239862
11595000
18205945
9481466
24399100
17093162
22695168
12233987
11234566
17467265
22080777
24366350
7029293
24004700
9833745
6377221
11881749
18337049
10685722
20598044
16137240
23588127
16911649
23285026
7974179
18328868
9366821
3292597
12602669
8872499
16567604
8282676
9399611
21761341
17575230
9777717
7649753
8162628
2183734
8960488
1707337
1592650
11300174
12504399
22434360
22101219
10235220
18779477
12512598
22865017
22048089
16411994
1527133
24067301
22244705
2146875
22818151
22038637
9735531
9809262
17395055
22465904
21621992
7966066
22416755
8655422
15886667
22129897
21720441
19590523
9039228
3313023
8383874
22588803
22419350
22277317
15535495
9006472
2248073
21915543
1396108
9301391
8570776
7646610
16354710
23735703
18246895
18492829
9842079
22678947
20966820
15486373
11701672
21900715
10554799
2510260
7956382
15490072
8940983
8957368
19680697
12635578
11554235
19910076
8838389
11472320
6850464
1331023
10759619
21392837
8891846
9735623
14519754
21211686
14732749
2788816
18157013
9514454
15838684
8179165
15764958
9670112
19459553
404962
16772581
22015462
2764265
15224298
22670827
17985004
12881389
14650863
12168688
15625713
23416308
19852789
19852790
16911869
10592853
8908288
12569977
6344196
18843564
24628747
16920077
21915740
18391640
2223363
12176916
18761646
22572567
18632218
3370523
18812446
17501728
11816482
15191587
11832869
21646599
12477021
19910194
7712308
175669
15678729
17321529
19729979
16109116
12037693
20491838
17362495
3116609
20090434
9793091
12160584
12193353
9088586
11218508
22834767
16232016
9989713
3812946
7851604
18818024
3903063
17149529
16076379
9170524
23465566
22392415
18787937
1445476
16281190
10661479
2693850
21704300
16772718
6360688
11292273
16379507
16379508
11292279
1617528
19169898
18714238
22617366
11554438
23760519
3075724
24246210
9196141
8015504
8507025
16600723
22924950
15453848
9570244
15781531
839327
9751554
19333040
9105060
21106341
12668582
8392359
20008622
1937073
17387189
2698934
17387192
16887481
23432894
19951297
19672771
6360773
380614
21598839
12406050
339662
24371832
6762195
3278798
3296982
1289508
23039709
22294238
2493733
7704288
21931984
9572066
16879331
19574500
19353317
23621350
14716650
18165484
17393618
4919024
22531825
11022066
21802739
17723125
22777592
18394874
12791549
3333530
18582177
21851906
17280773
418433
9801481
15175435
23547660
21512834
9481998
19001103
347921
17149715
1707797
11570966
3608343
12422941
22892323
19169102
21262119
2371368
17698601
24375082
3960619
12586799
15224627
23531317
12709693
7491394
11136837
20221773
15814479
9293648
6885201
9816035
16822100
2142040
21860188
16948927
17657694
22038501
15994720
2690913
11317090
4623522
24006504
8179563
1797999
21060033
8966003
16691061
22146934
6418295
19918712
21458811
1634173
24679061
3516395
2576261
21660428
22050796
23027887
20590478
22712208
23642776
14970775
12033348
12005275
12742556
10719133
16879519
8015776
12185505
20484002
11579299
7499684
1683365
12709801
18837418
17297323
3976757
8712112
6729651
10637238
12971959
3108794
17133499
2224060
10071998
9203648
18051010
12660676
18665413
7827398
16437191
22527308
15781835
22278094
17977295
8499152
12201937
3534803
22040533
21237718
10563544
16190799
18321372
15536093
9531360
15167457
12954577
19435491
6984358
1699814
21106663
20680681
7892971
21270510
16119805
10634835
2068469
23875574
8570879
10424316
15274666
22236501
23357440
17321989
23518801
18845704
6418441
21434379
20500493
9809934
15691793
11948051
15131557
2461017
11718681
19779611
22728026
2240543
8917026
2895910
2076713
18067498
9007148
24158898
10997806
19968048
10768434
7017139
6844471
24268858
10195003
12496956
12644413
15533466
10080319
12021824
2035777
6148163
19705924
11849797
15937606
7825420
8892490
16671415
10850381
9220179
9703286
6365881
6131800
24350813
12553591
10489959
17010794
24022375
10940525
18845806
8245359
21844080
16199793
15098782
8222739
1486965
12844393
8376441
10682031
19861631
15642753
19779715
8097925
11931782
11710599
23326865
24146058
10408075
22987458
389265
1712835
21385365
9023640
17477785
3926042
19910815
16027809
7598243
10211492
7941489
17482439
18485420
3535021
17207470
1927197
17174704
17174705
11743411
15356085
9547958
16119478
12021946
22638779
9351400
22646975
20164800
21909698
16044227
20345030
6516935
15641975
23392460
24457421
23482575
22696144
23630033
9048274
22548691
10685817
19968217
16093405
10735838
15472677
21418212
21975269
10817768
17404138
21410033
14690574
8589555
10203382
9207470
22999292
22471381
1880321
15307010
21090563
17608965
12538120
11981066
17035531
1904908
17961229
21334061
21950736
1536276
18501909
25022743
19301691
24138011
10735900
3911965
23392542
3543069
6123810
22311204
8540453
22565161
12595499
18845996
20500784
2232625
7680306
20508979
15897310
2527542
17666359
11915576
8155449
21664059
8376638
16167234
3745846
11194696
18503531
16904524
24007198
15798610
11104595
17453398
21287255
17625432
18633049
11981150
23605599
8450402
12816740
15200998
12538218
24090047
22810989
1945967
23466353
15937908
16377918
17722829
21672315
21705084
15249792
17617281
16855426
9777899
19853700
20647058
1479049
23482762
18026891
15610252
20509069
9449870
8872685
22884754
23073171
23782126
17076630
6345111
20615885
20124059
9892252
21434781
14578078
8837189
23782128
1741218
3117477
21787048
24252844
15978926
14609821
22917554
21987240
16527796
12546485
8458681
2019772
8655293
2871744
14520769
12579266
20484550
11918753
16904652
10973645
22385102
16757200
7655889
9400786
8434135
6938020
20828635
15929820
12505565
20189663
2085344
8090084
10539493
19001830
3207656
8770026
15217131
10752495
22026323
24637941
18035192
15960148
23228924
14995965
12792318
19911168
22035883
22800470
24277510
21975559
2699786
24517028
20484620
15979021
17535502
12452403
2859779
8614420
21983766
22538329
10555930
8213019
1319876
20304413
15774238
1459268
20102444
9572900
19919399
10594396
16806442
11199239
24637998
8132701
16601648
9818888
2036277
2691638
18666040
7017018
7492158
10506815
9818688
3895875
20378181
19681862
16249417
9351754
18395723
24433230
8467027
24564308
20804366
15688961
9327193
19763803
2855516
8639070
16585311
18288059
15364709
15749735
12358251
15299181
9261669
18592368
12440177
16880243
20730486
3519095
22631032
2544249
9917050
22008443
21639806
20386431
17322624
10089089
15446660
12505733
20394631
21222024
2871945
21811855
6951573
24679062
23417625
20017819
10871578
18289310
7516831
23466656
17224353
15233698
12202662
19523697
20796074
5090759
15274670
7488285
14996144
19641009
22696626
12882611
19272375
22926008
6992570
17722826
20697791
24785600
8318411
12120773
20042310
6341410
24335055
11162323
20637249
7557852
6397729
11154142
21639907
11547366
17019624
17019627
12169964
7104637
15356657
2405107
19223284
21534846
16503545
11485124
2642730
22082303
8770304
21238531
18166533
11318022
23212807
9704200
16904970
8852235
19002124
15014018
8237838
6148879
1553169
22401811
11965204
22946606
21822764
12463729
387204
12636954
12055323
7820060
1359322
6740101
16797292
12096292
10588965
11318056
21402409
21418794
20837163
21206549
7955250
21295919
12423984
23753523
19682100
9769784
15741753
20034362
24408892
22897461
21548512
1307461
19886920
15602505
15528779
17290062
24122191
10826576
10720081
23754339
3314516
15653006
8467286
17848325
17912634
20973712
20943715
20206437
22147942
19346279
11922398
2208619
8127293
8352625
17845737
17404792
15930233
18330493
14996351
20624257
2682347
10441604
17724294
18635304
18371465
16431255
17118092
23802768
22131601
9778067
17047022
15037334
15741848
9788422
16208798
15848261
9180065
16864164
16413605
16596465
9474450
21214129
11465651
7975860
19108790
12108617
23483320
8644646
17691581
3306431
21866656
3085131
18431478
23827399
8197064
23688137
18248651
17929164
20673485
15528910
8893393
19608530
23410851
20952020
19526613
15053783
6337497
15545310
17410213
1889248
15987536
19657698
21484517
24982504
19117033
24080592
15176685
20739054
9129469
12956656
11408369
23229426
2184179
21664757
21148662
9761783
9720660
21148666
11890175
9745404
20657150
17175376
21115906
18609155
23909380
9507846
16492716
24290135
7853069
17208334
23524367
3830804
2192405
23385110
18337284
20608027
9933852
20452382
17126434
21967909
9474454
14627879
17445928
18215978
7672876
20001837
7410734
17694216
21830957
20689977
25015354
15541087
22721596
23000125
3519550
22795327
6189335
21574725
1659236
17152183
24384588
16585808
16740812
23065684
8272303
22475864
1667693
1725537
17519714
22221670
12629094
22154769
6108264
23893098
2454375
23893101
6354030
12576957
24761456
22082673
18681363
11056245
23114870
11891832
19780729
23614586
17388667
12424317
9573502
1291393
21869698
17961835
8238214
3896455
20932687
15914128
20329618
2577555
6206796
15996057
19207322
6108319
7559252
18322594
3553277
21320312
9581739
18322606
24112670
18004169
23942329
1922235
11343038
20051135
11957440
23988781
16413892
24576886
22967497
8877260
23678498
8104273
2975949
17241298
7976148
8436744
18420953
22271197
23778526
701664
8916620
10986363
11932900
9950438
9819368
9647338
10671339
3183852
1610994
17700083
23811316
22512510
24964689
3137065
19301724
21083385
15733631
24573180
23118720
9308064
23016708
17511685
15963401
8779018
20362507
6624525
9393422
7492424
24630545
8123267
18339093
17356056
22320409
19807791
12088604
15553821
3503390
2188165
22156577
11064610
10348763
14521638
6927657
22435114
8656171
18093356
10643677
12653872
23360819
8582461
14628158
23510581
19821888
20673857
2319047
19928389
12653895
3447334
10097996
1751266
12121427
15824212
6403413
11392343
22768793
22066521
1832287
8156515
18273636
18855271
8126502
15612617
10188144
15324531
9278836
2108990
9672054
11752031
17356153
10448447
14660988
22115710
21419391
17974096
16700802
23623047
7910792
22721929
19436938
12185154
24065423
24061784
7591314
14661011
20157845
23164311
21054362
8787364
7148967
15816106
12113323
2831788
24930546
21098003
18953651
20124218
7714229
19280799
19330493
21190079
17331650
10663363
14710214
8590792
19264972
14685645
8936541
16283087
11056593
3954130
19772883
18486741
8918486
23647705
21575130
7896655
484261
19895777
17438178
8033763
17069542
17069543
17069545
22582764
9049582
12236273
7706098
15701493
11916791
11073017
22574591
8624384
22951426
15603203
10703628
20526599
19805710
21204103
23647761
15848979
15914517
23713303
22492697
15673999
7706148
16791814
9532967
23361064
8885803
16393600
23942708
12604982
20010551
15472185
23639612
16495253
12654143
8279616
17872451
15193668
21935685
9532999
12105288
9713225
21042763
23524942
12424783
1905592
20616786
19691092
18355797
24147543
16472981
15652441
18462303
18429536
6342928
7705531
19207781
16595217
10155556
19535468
11196013
21304253
10589810
23197299
21321333
16864886
7526007
24958585
20010618
23475835
6125181
23688830
2741888
15922817
20584070
23869063
11015817
17880325
9164427
23549581
22845070
9885327
17479312
12568856
1742482
19051459
16299669
21599896
6366148
23688859
12457629
1326734
24317552
22382875
20854436
22369958
15013543
21329577
6633131
12793516
12850861
16651950
19019444
8435382
7829176
3690941
2709180
16794570
11253439
20149953
11867842
8509099
15200727
10352330
6403021
22001361
3528402
18298579
6428372
7272152
21288666
16733916
8208469
20936417
21690083
19591981
8771302
19330795
7960300
22238957
21618513
22001391
23205617
21042930
17634259
15275765
24164087
12642847
3962622
9647873
18249478
10442506
15947531
20813580
10352397
21788433
3544187
16909273
12973849
22066973
19781408
6764321
7092002
24323035
11374137
18417969
17700649
10860330
7841058
21632816
1922868
1670445
8689462
14980919
16684856
7673658
22402015
1562431
1815520
8623941
2199180
9221965
7616334
22640463
10360656
24393553
15193939
8623957
17901881
18806616
9066329
11013775
20576092
19646778
8681312
20147856
20100962
14714361
8607589
19199847
10172265
10912743
23361389
19371887
10213233
16160627
161652
19577150
20976617
11786587
18470779
2956874
10945514
16840576
18208642
12769155
23836550
20031809
7259216
1390473
15816586
17717132
22648717
21767149
12638099
3307414
3430295
1799151
23566237
15562654
21346207
6182816
15800226
21487259
1894676
12895217
15587240
18717174
18077611
24237999
8787889
15734707
9512674
9394106
8367775
20019137
21635675
9316683
2586565
23246790
22982948
20305865
19109835
23975885
19564877
17954768
20035541
24033239
20027352
8296409
18946011
10190267
20379614
19797985
8115195
21616612
9105062
10678548
9652561
4077545
1488874
11196396
15955950
17954800
23140338
7936339
11384820
1857525
18029492
7559165
9205762
22525955
17618948
8828933
17897478
9205768
23386127
15890448
9095512
21982657
8214547
23097006
19996335
16804044
22124576
20830241
23484763
17160228
22067237
21035047
1751081
8378411
7739439
20232240
6143667
20043831
19675193
6920252
17324094
18716736
21072224
8964113
20633669
16316486
1497159
22853706
22476876
15857741
16234574
2947151
20369616
16382035
19904596
8616024
8976475
18561117
19660462
12531809
20494434
7707405
3307623
10337847
2494948
17097398
14669937
8498878
16930934
12834936
20338811
17201277
1996926
24156287
20486273
12564610
12564611
23173253
23477890
21067912
23066765
20068494
10901647
11228756
18618513
23820434
12687510
18307223
23017624
9676351
23931247
6756508
9935005
19462303
3166942
20723873
792738
23061531
19397502
10410152
11237545
15169706
16750325
8091822
24534270
23104617
9099448
1448121
19814586
8640699
8018108
2963645
24557758
12855087
9042119
20592840
16603337
18397386
23886027
10475150
16275661
16006861
23394513
23296213
16095446
1411449
3881176
7755996
653534
17331237
7010528
1584260
19682342
12378396
12810472
14567804
16644334
16824559
22485232
22377512
19437058
20535539
21272822
24526141
12925182
7032533
20199680
9951491
22092038
22395144
16963850
21084429
3594511
10811665
12056851
24107284
17717526
8911127
9828635
23992605
23746205
11295009
9632036
14989068
22968615
10934569
6420374
1759534
3624669
11778352
9230648
9834207
7928125
11360574
8779382
3307842
17917935
15492353
18566882
18544974
15735119
21600592
22583635
20937044
8657237
10848655
17597498
18684258
16731878
16275814
11876712
15012924
8141163
3168620
8911222
11106679
23624061
1595776
10957888
17971587
17201540
17045894
1593244
23768813
17037712
12876177
12876178
23525780
9664917
14711190
22182296
22821273
23001240
20863389
24189342
11319711
9419170
23902627
16037751
8141223
22682024
11401641
23107353
21354925
19282350
10230191
16177585
20519346
11454878
384024
1849786
7969211
6113821
3063541
11450816
23130813
11450818
24213956
16562630
12900807
15374792
7640140
1515255
7174605
2406863
14670288
24338168
17979862
19470807
19798489
3059450
3963358
555487
8034784
21849168
7485923
20216293
18184678
19948625
8419816
15358441
2644391
19716589
8255984
23312881
15571443
8106772
18299305
1300984
8387067
9697788
21379582
9427455
21887489
18717189
15383046
3586567
15088136
16275518
10754477
19702485
24689172
6871470
15260182
8018457
18602522
21543343
11876893
7584286
2128415
10770979
12384805
10361382
20109864
10197379
20839989
12614193
16202291
14514742
19708471
11860536
23747131
6150716
19159477
10402369
2275907
1710660
20122038
15154956
22465608
1420057
19544653
12630606
1908493
1423955
9932558
19470936
8520804
12006271
1960378
12974687
19135077
11074150
22723176
18781287
15055365
19995250
11549300
9919095
23944980
24173178
19864187
8305277
18512510
15309442
2374275
16915076
14662278
21576129
19552904
21846665
19880586
21355149
16472720
19708562
15506067
9411221
6363798
4004503
17947289
219802
17579182
11377310
2218657
9665186
7936677
16200817
8338088
3816105
14752429
24074927
22370992
88754
15673801
1457622
15530681
2882234
9607867
1457432
8123947
10517189
22198983
23444169
2890442
23362251
2928074
1833682
10492627
8035029
22987897
6839001
11041498
19127003
18701020
22903518
23045243
7944932
10078673
8215273
15973098
21207788
2869714
20560622
21389925
9190129
3545842
8411891
15538933
1412152
11819768
20486905
9394942
19135235
17849093
19304046
1497864
17357577
2276106
2521868
10757250
18971406
1358607
16923411
22616853
12065558
17926617
16079640
8198938
384815
7707420
22342106
17767200
1415973
12073766
24684867
21189767
3739807
18243378
16824797
10361648
17051443
24673076
1669598
11352886
6836750
24902456
12237625
10337083
15889546
9648960
22153696
2292547
22133572
7608801
16939848
11013281
9558860
10385063
20159310
19217236
11535502
9395031
19897177
15473502
16125499
1342306
11737955
11098982
16087911
8731496
9001833
12458862
18242415
2653041
15571828
10525558
16254100
2014078
939970
15358853
19487623
375690
22412171
24402830
9230829
6421395
15358868
22330261
24083350
19182698
15358872
11508634
16505756
20185596
8436638
16399263
23632800
10763172
16128933
16448427
2087856
10902449
10517426
20708275
9730996
1350581
20815045
7650233
10599355
19159999
20683712
7977921
17046466
8911223
16882628
15481334
8403910
22983407
7936969
22608375
10443725
11099086
1530836
21552085
17365975
6123343
23862237
16767966
10566623
17316832
14736356
8403942
21429223
23870440
9337835
23337964
12131309
24992750
19884541
21030056
11246578
16753722
19430389
12426230
9690103
19176440
7551999
7011331
24938562
19552744
18390022
16145415
3931144
8748041
8436747
18702754
7814161
7134226
18676757
9894936
22789149
22921159
4938245
21740578
1440804
8780837
7699494
23870503
22617130
11459079
20536364
11213870
1408861
19192127
20307262
9701205
7844976
3710012
9099447
15449150
3839157
11500608
19595104
22690882
22628369
3067745
20413513
7298122
9772108
12541005
22480794
22920273
11238483
3300436
10861653
14679127
19102810
20822543
23321692
3548346
12401759
18824288
2382949
23985254
10755175
8363113
12844138
9034258
7789678
7942578
22133872
15948916
6849726
12090782
15817848
15965311
3220672
16555138
6111083
16095766
17293018
7593098
10052279
19111789
10509459
998549
20061334
2808984
10337433
9690266
11369627
17505437
11476129
7814306
15915547
15940774
9497116
23108780
23690414
8210973
12478408
18783414
18062520
11840031
3103932
11214014
10992833
21593282
15039684
12123333
16480401
3617996
23101741
12932301
21142736
2694356
17082978
12410073
3890395
20167900
8133853
23084254
15482080
14749563
7010854
9657576
3882217
23436524
9428861
15956086
17366257
8428787
10968308
8561526
10075386
17383295
23952636
15965438
17972479
21445888
11836674
21183747
19594501
18726150
12663340
8297739
9788685
15858959
18783504
20004739
17603862
20946200
22510874
15198767
12074271
8707361
12139812
21131142
21044518
23379240
2088233
21822762
20356395
15220012
10091821
19201326
11446476
8600885
11877686
6151482
15719741
14998846
16099893
7617857
12590404
3112261
17472838
7808649
10764172
8101194
11156811
11828556
22011217
16846734
20806998
23280086
10632537
12402011
11132252
20102495
22843280
9403746
18339046
19242343
14674492
6667628
1334639
21396848
16266472
3030386
22904179
7593698
7486842
8712652
10960380
21667200
12057986
3732715
10993031
18374024
23590124
12612897
23303244
16030275
16850327
20965956
18251162
23019005
6938012
15564950
22583459
21118369
7888291
17907108
7388581
21224870
6552999
8712092
9734727
23993773
392623
10499652
9706929
23680243
8453557
11034038
9469367
23092665
1342906
9207711
22502844
9303285
10837440
11140546
12049860
9231814
16522696
8077143
16571852
8276557
22050040
18431444
2678230
11705818
9070546
12651635
21896676
16686565
16326121
20356587
18488812
9076205
9926538
12492271
15793648
2105256
16505427
2939214
8871414
21188521
1990041
22325844
15523323
8473426
16014845
1359258
8338943
23952897
18791939
16104966
20694273
3653128
20028938
15572491
11779598
7964960
22265360
9182738
20209171
8060436
19365397
12418582
12823129
22740508
23469597
2973215
7995312
16784930
12787235
7862876
17341994
2915887
16801333
7814711
14506591
384574
19193781
15523393
10714690
3675403
20189026
15821644
10560780
24559178
1678925
23076431
417361
2162258
21552726
20470677
10690138
17595435
3385217
11788219
20504165
19512937
2195054
22240882
12375315
14626750
7562882
10926339
21918912
11443835
8928893
20496000
19644033
14605954
19357315
23084676
15482502
7208897
7552649
15695500
21978765
18357902
23715475
11157143
3284632
2936772
16752282
16907931
11781402
3533340
12680863
19371522
18795522
6374683
1621668
8421029
20618920
19035420
15830983
12638834
22118062
15283485
17194950
20061873
1364154
3260083
21800222
1642441
7964693
8333941
9862848
14722336
12271298
23379651
22134468
8858230
18453793
1728202
7159500
9229602
6364880
3010510
8568534
605912
17083268
12204666
24231646
15278032
23428834
24352377
9076457
10575594
12377836
23715565
18235123
21929716
9296510
9594153
11411192
7692028
2187009
2014978
9499947
19701509
10870534
6455048
23980121
23838275
10379020
10607234
11804430
18235151
21233425
8281875
18054932
17940245
14589718
787788
12407485
1799472
20940688
22499291
22273828
12713767
17715164
23361105
12886239
15310639
8550361
15916851
7028532
15492949
20447037
21864416
18982929
20332358
7540705
19545929
17899340
7692109
17276750
8780429
18849616
11108177
24035299
19365716
21416590
22847319
11812696
1793881
21036891
9174876
23306077
9564194
24515505
352099
17297382
9078197
24350695
17259154
20337981
10100592
15220594
14596755
7946102
19681257
6307704
16454975
2590611
16596861
7036799
2768768
20635521
7032811
3825543
772759
20070284
16981901
20569998
16890144
507792
23592849
19897063
3563413
20004758
22420121
9040453
11284463
12591004
19692186
7831455
7831456
20152225
8978338
17178532
6586277
14622630
19103729
9002920
10338217
3919804
991148
1818543
7670096
19396947
15294387
12804020
16220085
8750409
14966713
16670650
19958431
22006695
7995325
7733183
18948032
1359809
17244100
18096070
19062727
23510984
15818697
17014731
17997772
11229858
22634446
17947724
22421496
3134815
16113620
1548248
22683613
3546120
8686245
7200736
21430242
21327867
2908133
8904679
18382824
19054570
18161643
22456820
12238830
16957425
10706930
8673938
12042231
17198705
14636372